
  BLADE ROW NUMBER            1  JMIX =          111


  INLET BOUNDARY CONDITIONS TO ROW NUMBER 1.

  STAGNATION PRESSURE 
   38644.5   38644.5   38644.5   38644.5   38644.5   38644.5   38644.5   38644.5
   38644.5   38644.5   38644.5   38644.5   38644.5   38644.5   38644.5   38644.5
   38644.5   38644.5   38644.5   38644.5   38644.5   38644.5   38644.5   38644.5
   38644.5   38644.5   38644.5   38644.5   38644.5   38644.5   38644.5   38644.5
   38644.5   38644.5   38644.5   38644.5   38644.5
  STATIC PRESSURE 
   29311.4   28981.9   28652.3   28460.5   28356.9   28306.7   28262.1   28207.7
   28108.8   27946.8   27778.8   27633.9   27500.1   27394.4   27321.3   27269.1
   27232.4   27210.7   27205.6   27208.2   27212.7   27221.2   27231.6   27269.1
   27360.3   27485.4   27679.8   27955.1   28196.7   28362.4   28482.9   28543.5
   28569.1   28578.2   28784.7   29356.6   29928.4
  STAGNATION TEMPERATURE 
     306.6     306.6     306.6     306.6     306.6     306.6     306.6     306.6
     306.6     306.6     306.6     306.6     306.6     306.6     306.6     306.6
     306.6     306.6     306.6     306.6     306.6     306.6     306.6     306.6
     306.6     306.6     306.6     306.6     306.6     306.6     306.6     306.6
     306.6     306.6     306.6     306.6     306.6
  STATIC TEMPERATURE 
     283.3     282.4     281.5     280.9     280.6     280.5     280.4     280.2
     279.9     279.5     279.0     278.6     278.2     277.9     277.7     277.5
     277.4     277.3     277.3     277.3     277.4     277.4     277.4     277.5
     277.8     278.1     278.7     279.5     280.2     280.6     281.0     281.2
     281.2     281.3     281.8     283.4     285.0
  ABSOLUTE TANGENTIAL VELOCITY 
    0.0000    0.0000    0.0000    0.0000    0.0000    0.0000    0.0000    0.0000
    0.0000    0.0000    0.0000    0.0000    0.0000    0.0000    0.0000    0.0000
    0.0000    0.0000    0.0000    0.0000    0.0000    0.0000    0.0000    0.0000
    0.0000    0.0000    0.0000    0.0000    0.0000    0.0000    0.0000    0.0000
    0.0000    0.0000    0.0000    0.0000    0.0000
  MERIDIONAL VELOCITY 
  216.4518  220.6148  224.7778  227.1952  228.4982  229.1294  229.6861  230.3635
  231.5873  233.5842  235.6474  237.4227  239.0561  240.3435  241.2317  241.8656
  242.3115  242.5738  242.6356  242.6040  242.5501  242.4467  242.3212  241.8667
  240.7594  239.2367  236.8567  233.4687  230.4824  228.4293  226.9311  226.1783
  225.8630  225.7520  223.1291  215.7532  208.3774
  YAW ANGLE 
    0.0000    0.0000    0.0000    0.0000    0.0000    0.0000    0.0000    0.0000
    0.0000    0.0000    0.0000    0.0000    0.0000    0.0000    0.0000    0.0000
    0.0000    0.0000    0.0000    0.0000    0.0000    0.0000    0.0000    0.0000
    0.0000    0.0000    0.0000    0.0000    0.0000    0.0000    0.0000    0.0000
    0.0000    0.0000    0.0000    0.0000    0.0000
  PITCH ANGLE 
    0.5720    0.5684    0.5649    0.5600    0.5536    0.5455    0.5353    0.5225
    0.5065    0.4865    0.4615    0.4302    0.3911    0.3422    0.2836    0.2184
    0.1500    0.0800    0.0092   -0.0621   -0.1335   -0.2050   -0.2750   -0.3393
   -0.3949   -0.4415   -0.4798   -0.5109   -0.5361   -0.5564   -0.5727   -0.5858
   -0.5962   -0.6046   -0.6113   -0.6167   -0.6221
  SPANWISE GRID SPACING 
  0.002995  0.003744  0.004680  0.005849  0.007312  0.009140  0.011425  0.014281
  0.017851  0.022314  0.027892  0.034865  0.043582  0.054477  0.059898  0.059898
  0.059898  0.059898  0.059898  0.059898  0.059898  0.059898  0.054477  0.043582
  0.034865  0.027892  0.022314  0.017851  0.014281  0.011425  0.009140  0.007312
  0.005849  0.004680  0.003744  0.002995
  PITCHWISE GRID SPACING 
  0.002995  0.003744  0.004680  0.005849  0.007312  0.009140  0.011425  0.014281
  0.017851  0.022314  0.027892  0.034865  0.043582  0.054477  0.059898  0.059898
  0.059898  0.059898  0.059898  0.059898  0.059898  0.059898  0.054477  0.043582
  0.034865  0.027892  0.022314  0.017851  0.014281  0.011425  0.009140  0.007312
  0.005849  0.004680  0.003744  0.002995
  SPANWISE GRID POSITIONS
  0.000000  0.002995  0.006739  0.011418  0.017268  0.024579  0.033719  0.045144
  0.059425  0.077276  0.099590  0.127482  0.162348  0.205929  0.260407  0.320305
  0.380203  0.440102  0.500000  0.559898  0.619797  0.679695  0.739594  0.794071
  0.837653  0.872518  0.900410  0.922724  0.940575  0.954856  0.966281  0.975421
  0.982733  0.988582  0.993262  0.997005  1.000000

  BLADE ROW NUMBER            2  JMIX =          222

  ROW NUMBER            1  JMIX  =           111
  EXIT FLOW CONDITIONS FROM THIS BLADE ROW
  THESE CAN BE USED AS THE INLET BOUNDARY CONDITIONS  FOR THE NEXT STAGE.

  STAGNATION PRESSURE 
   56509.5   57396.7   58283.9   59214.7   60043.4   60556.6   60808.2   60974.7
   60887.8   60506.6   60341.0   60723.0   61416.4   62063.2   62571.1   63045.9
   63464.2   63578.1   63252.9   62685.7   62123.4   61642.3   61196.3   60680.7
   60006.7   59225.7   58535.4   58004.4   57501.8   57077.3   56854.2   56630.8
   56154.7   55470.6   54678.6   53841.4   53004.3
  STATIC PRESSURE 
   34407.3   34602.1   34796.9   35076.3   35431.9   35750.1   36031.6   36343.8
   36635.0   36881.6   37217.5   37718.8   38293.0   38821.8   39296.3   39775.8
   40269.7   40690.2   40909.2   40906.1   40781.7   40618.6   40425.5   40161.4
   39782.7   39311.5   38834.0   38379.7   37904.9   37450.7   37094.3   36770.1
   36385.1   35988.3   35632.9   35303.3   34973.6
  STAGNATION TEMPERATURE 
     354.4     354.3     354.1     354.2     354.5     354.7     354.8     354.8
     354.7     354.2     353.8     353.9     354.3     354.6     354.7     354.7
     354.8     354.8     354.4     353.6     352.7     351.9     351.0     350.0
     349.0     347.9     347.1     346.6     346.1     345.6     345.3     345.1
     344.8     344.4     343.9     343.4     342.9
  STATIC TEMPERATURE 
     307.5     306.6     305.6     305.0     304.9     305.1     305.5     306.1
     306.8     307.5     308.2     308.9     309.6     310.1     310.5     310.9
     311.5     312.3     312.9     313.0     312.8     312.3     311.8     311.1
     310.3     309.4     308.7     308.0     307.2     306.4     305.7     305.1
     304.6     304.3     304.3     304.4     304.5
  ABSOLUTE TANGENTIAL VELOCITY 
  169.5723  172.7390  175.9058  178.1272  179.0749  179.1524  178.5947  177.2588
  174.5948  170.5026  165.9442  161.7952  157.9685  153.9521  149.4697  144.6026
  139.0624  131.7823  122.8226  114.3192  107.8143  103.0597   99.4933   96.8668
   94.9978   93.4544   91.3441   88.4706   85.9639   84.5541   83.9239   83.6158
   83.3350   82.7564   81.5845   80.0274   78.4702
  MERIDIONAL VELOCITY 
  256.0403  257.1188  258.1973  259.3868  260.2097  260.1479  259.3384  258.2989
  256.7953  254.7625  253.4689  253.7550  255.0503  256.5084  257.7933  258.9841
  260.0631  260.8176  261.2968  261.7118  262.0795  262.3856  262.5897  262.5600
  262.2355  261.9403  262.5179  264.1841  266.0568  267.8415  269.7755  271.3631
  271.9752  271.5453  270.2492  268.4825  266.7159
  YAW ANGLE 
   33.5205   33.8906   34.2608   34.4743   34.5333   34.5524   34.5528   34.4589
   34.2079   33.7840   33.2007   32.5114   31.7650   30.9650   30.0981   29.1682
   28.1230   26.7843   25.1425   23.5619   22.3344   21.4255   20.7394   20.2429
   19.9084   19.6319   19.1842   18.5163   17.9089   17.5236   17.2835   17.1281
   17.0367   16.9495   16.7973   16.5956   16.3939
  PITCH ANGLE 
    4.9712    5.2290    5.4869    5.8612    6.2825    6.7347    7.2849    7.9717
    8.8062    9.7535   10.5999   11.0616   11.0293   10.5515    9.7266    8.6412
    7.1785    4.9885    2.0955   -0.8379   -3.3312   -5.4287   -7.2083   -8.6299
   -9.6439  -10.1739  -10.1802   -9.7883   -9.2145   -8.6241   -8.1076   -7.6771
   -7.2641   -6.8086   -6.3511   -5.9830   -5.6149
  SPANWISE GRID SPACING 
  0.002995  0.003744  0.004680  0.005849  0.007312  0.009140  0.011425  0.014281
  0.017851  0.022314  0.027892  0.034865  0.043582  0.054477  0.059898  0.059898
  0.059898  0.059898  0.059898  0.059898  0.059898  0.059898  0.054477  0.043582
  0.034865  0.027892  0.022314  0.017851  0.014281  0.011425  0.009140  0.007312
  0.005849  0.004680  0.003744  0.002995
  PITCHWISE GRID SPACING 
  0.002995  0.003744  0.004680  0.005849  0.007312  0.009140  0.011425  0.014281
  0.017851  0.022314  0.027892  0.034865  0.043582  0.054477  0.059898  0.059898
  0.059898  0.059898  0.059898  0.059898  0.059898  0.059898  0.054477  0.043582
  0.034865  0.027892  0.022314  0.017851  0.014281  0.011425  0.009140  0.007312
  0.005849  0.004680  0.003744  0.002995
  SPANWISE GRID POSITIONS
  0.000000  0.002995  0.006739  0.011418  0.017268  0.024579  0.033719  0.045144
  0.059425  0.077276  0.099590  0.127482  0.162348  0.205929  0.260407  0.320305
  0.380203  0.440102  0.500000  0.559898  0.619797  0.679695  0.739594  0.794071
  0.837653  0.872518  0.900410  0.922724  0.940575  0.954856  0.966281  0.975421
  0.982733  0.988582  0.993262  0.997005  1.000000

  BLADE ROW NUMBER            3  JMIX =            0

  ROW NUMBER            2  JMIX  =           222
  EXIT FLOW CONDITIONS FROM THIS BLADE ROW
  THESE CAN BE USED AS THE INLET BOUNDARY CONDITIONS  FOR THE NEXT STAGE.

  STAGNATION PRESSURE 
   54450.5   54935.5   55420.5   55964.7   56496.6   56993.3   57476.7   57902.8
   58146.2   58198.4   58241.2   58397.5   58638.2   58891.8   59101.6   59248.7
   59313.3   59177.7   58799.7   58382.3   58087.1   57886.7   57724.3   57585.4
   57468.9   57384.4   57360.8   57369.2   57323.3   57197.2   57030.8   56848.9
   56626.4   56317.4   55889.8   55395.6   54901.3
  STATIC PRESSURE 
   41011.4   41009.1   41006.9   41003.4   40999.9   40997.6   40996.9   40998.2
   41000.3   41003.0   41007.1   41011.6   41015.1   41017.0   41017.3   41016.8
   41016.3   41015.4   41013.3   41010.3   41007.3   41004.4   41001.6   40998.7
   40995.3   40991.1   40984.9   40976.9   40969.0   40962.7   40958.6   40957.2
   40959.0   40963.2   40968.0   40972.5   40976.9
  STAGNATION TEMPERATURE 
     343.1     343.2     343.4     343.7     344.1     344.7     345.3     345.9
     346.1     345.9     345.7     345.8     346.1     346.5     346.9     347.2
     347.3     347.1     346.5     345.9     345.4     345.1     344.8     344.6
     344.4     344.3     344.4     344.7     344.8     344.8     344.7     344.6
     344.4     344.3     344.3     344.3     344.2
  STATIC TEMPERATURE 
     316.4     315.8     315.1     314.5     314.1     313.9     313.7     313.6
     313.4     313.1     312.9     312.7     312.6     312.6     312.6     312.7
     312.7     312.7     312.7     312.8     312.8     312.8     312.8     312.8
     312.8     312.8     312.9     313.2     313.4     313.6     313.7     313.8
     314.0     314.4     315.0     315.8     316.6
  ABSOLUTE TANGENTIAL VELOCITY 
  -16.6372  -15.9251  -15.2130  -14.0295  -12.6323  -11.4606  -10.8058  -10.5400
  -10.3170   -9.9356   -9.4569   -9.0312   -8.7130   -8.4844   -8.2963   -8.1016
   -7.8370   -7.3442   -6.5983   -5.8610   -5.3307   -4.9972   -4.8060   -4.6983
   -4.6394   -4.5841   -4.2975   -3.6729   -3.1046   -2.9926   -3.4042   -4.2791
   -5.5406   -6.9628   -8.1404   -8.8751   -9.6097
  MERIDIONAL VELOCITY 
  230.1346  233.4186  236.7026  240.2944  243.7348  246.9372  250.1074  252.9584
  254.6804  255.1841  255.5932  256.7036  258.3427  260.0543  261.4785  262.4982
  262.9866  262.1897  259.8090  257.1405  255.2516  253.9646  252.9061  251.9935
  251.2315  250.7030  250.5849  250.6341  250.3224  249.5487  248.5656  247.5264
  246.2360  244.3451  241.5921  238.2785  234.9649
  YAW ANGLE 
   -4.1656   -3.9494   -3.7333   -3.4133   -3.0574   -2.7633   -2.5887   -2.5014
   -2.4241   -2.3117   -2.1783   -2.0599   -1.9705   -1.9058   -1.8529   -1.7999
   -1.7350   -1.6294   -1.4768   -1.3254   -1.2156   -1.1475   -1.1094   -1.0893
   -1.0817   -1.0767   -1.0229   -0.8978   -0.7839   -0.7642   -0.8550   -1.0482
   -1.3329   -1.6644   -1.9544   -2.1531   -2.3517
  PITCH ANGLE 
    1.1345    1.1694    1.2043    1.2799    1.4149    1.6270    1.9136    2.2255
    2.5336    2.8422    3.1436    3.4240    3.6447    3.7331    3.6285    3.3290
    2.8856    2.3601    1.7885    1.1862    0.5862    0.0587   -0.3208   -0.5550
   -0.6917   -0.7513   -0.7806   -0.8079   -0.7982   -0.7458   -0.6828   -0.6329
   -0.5973   -0.5703   -0.5540   -0.5477   -0.5413
  SPANWISE GRID SPACING 
  0.002995  0.003744  0.004680  0.005849  0.007312  0.009140  0.011425  0.014281
  0.017851  0.022314  0.027892  0.034865  0.043582  0.054477  0.059898  0.059898
  0.059898  0.059898  0.059898  0.059898  0.059898  0.059898  0.054477  0.043582
  0.034865  0.027892  0.022314  0.017851  0.014281  0.011425  0.009140  0.007312
  0.005849  0.004680  0.003744  0.002995
  PITCHWISE GRID SPACING 
  0.002995  0.003744  0.004680  0.005849  0.007312  0.009140  0.011425  0.014281
  0.017851  0.022314  0.027892  0.034865  0.043582  0.054477  0.059898  0.059898
  0.059898  0.059898  0.059898  0.059898  0.059898  0.059898  0.054477  0.043582
  0.034865  0.027892  0.022314  0.017851  0.014281  0.011425  0.009140  0.007312
  0.005849  0.004680  0.003744  0.002995
  SPANWISE GRID POSITIONS
  0.000000  0.002995  0.006739  0.011418  0.017268  0.024579  0.033719  0.045144
  0.059425  0.077276  0.099590  0.127482  0.162348  0.205929  0.260407  0.320305
  0.380203  0.440102  0.500000  0.559898  0.619797  0.679695  0.739594  0.794071
  0.837653  0.872518  0.900410  0.922724  0.940575  0.954856  0.966281  0.975421
  0.982733  0.988582  0.993262  0.997005  1.000000
