 DATA SET FOR "multall" . GENERATED BY "stagen" .                       
    CP   and   GAMMA 
 1006.2501    1.4000
       ITIMST 
         3
     CFL,    DAMP,    MACHLIM,    F_PDOWN 
  0.400000 20.000000  2.000000  0.100000
  IF_RESTART 
         0
  NSTEPS_MAX, CONLIM 
     25000  0.000100
   SFX,      SFT,      FAC_4TH,     NCHANGE 
  0.005000  0.005000  0.800000      1000
       NUMBER OF BLADE ROWS 
         2
        IM        KM 
        37        37
  FP(I),I=1,IMM1 
  1.000000  1.250000  1.562500  1.953125  2.441406  3.051758  3.814697  4.768372
  5.960464  7.450581  9.313226 11.641532 14.551915 18.189894 20.000000 20.000000
 20.000000 20.000000 20.000000 20.000000 20.000000 20.000000 18.189894 14.551915
 11.641532  9.313226  7.450581  5.960464  4.768372  3.814697  3.051758  2.441406
  1.953125  1.562500  1.250000  1.000000
  FR(K),K=1,KMM1 
  1.000000  1.250000  1.562500  1.953125  2.441406  3.051758  3.814697  4.768372
  5.960464  7.450581  9.313226 11.641532 14.551915 18.189894 20.000000 20.000000
 20.000000 20.000000 20.000000 20.000000 20.000000 20.000000 18.189894 14.551915
 11.641532  9.313226  7.450581  5.960464  4.768372  3.814697  3.051758  2.441406
  1.953125  1.562500  1.250000  1.000000
        IR        JR        KR        IRBB      JRBB      KRBB 
         3         3         3         9         9         9
   FBLK1,     FBLK2,     FBLK3  
  0.400000  0.200000  0.100000
       IFMIX 
         1
   RFMIX,    FEXTRAP,   FSMTHB,    FANGLE 
  0.025000  0.800000  1.000000  0.800000
      IFCOOL    IFBLEED    IF_ROUGH 
         0         0         0
       NSECS_IN 
         3
       IN_PRESS  IN_VTAN   IN_VR    IN_FLOW  IF_REPEAT  RFIN 
         0         0         1         0         0   0.50000
  IPOUT  SFEXIT  NSFEXIT 
    1  0.000000    0
  PLATE_LOSS  THROTTLE_EXIT 
  0.000000  0.000000
        ILOS      NLOS      IBOUND 
        10         5         0
   REYNO,     RF_VIS,   FTRANS, TURBVIS_LIM, PRANDTL, YPLUSWALL
  800000.0     0.500     0.000  3000.000       1.0     0.000
   YPLAM      YPTURB 
  5.000000 25.000000
      ISHIFT    NEXTRAP_LE  NEXTRAP_TE 
         2        10        10
  (NSTG(N),N=1,NROWS) 
         1         1
  5  TIME STEPS FOR PRINTOUT 
      5000     10000     15000     20000     25000
  MARKER FOR VARIABLES TO BE SENT TO THE OUTPUT FILE.
 0 0 0 0 0 0 0 0 0 0 0 0 0 0 0 0 0 0 0 0
  STREAM SURFACES ON WHICH RESULTS ARE TO BE SENT TO   THE OUTPUT FILE 
 0 0 0 0 0 0 0 0 0 0 0 0 0 0 0 0 0 0 0 0 0 0 0 0 0 0 0 0 0 0 0 0 0 0 0 0 0
 ***************************************************************
 ************STARTING THE INPUT FOR EACH BLADE ROW**************
  BLADE ROW NUMBER =        1                                           
    NUMBER OF BLADES IN ROW 
        22
        JM        JLE       JTE 
       111        26        96
      KTIPSTART  KTIPEND 
         0         0
       BOUNDARY LAYER TRANSITION POINTS 
         0         0         0         0
  SET NEWGRID= 1 TO GENERATE A NEW GRID WITH DIFFERENT "J" POINTS AND SPACINGS.
         0
   RPMROW,    RPMHUB 
   10500.0   10500.0
       JROTHS    JROTHE    JROTTS    JROTTE 
         1         1         1         1
   PUPROW    PLEROW   PTEROW    PDROW 
   33647.2   33647.2   47556.4   47556.4
      NSECS_ROW   INSURF  
         3         0
  IF_CUSP_OUT   IFANGLES 
         1         0
         0         3         0
 ***************************************************************
  ROW NUMBER           1  SECTION NUMBER            1
           0           0           0  IF_DESIGN etc 
   1.00000   0.00000    0
 -0.036281 -0.032674 -0.029459 -0.026594 -0.024042 -0.021769 -0.019743 -0.017939
 -0.016332 -0.014901 -0.013626 -0.012490 -0.011478 -0.010576 -0.009773 -0.009057
 -0.008419 -0.007851 -0.007344 -0.006893 -0.006491 -0.006132 -0.005812 -0.005527
 -0.005273 -0.005047 -0.004828 -0.004598 -0.004359 -0.004107 -0.003843 -0.003565
 -0.003273 -0.002966 -0.002643 -0.002303 -0.001945 -0.001569 -0.001172 -0.000756
 -0.000318  0.000140  0.000621  0.001125  0.001654  0.002208  0.002790  0.003400
  0.004041  0.004713  0.005419  0.006162  0.006944  0.007769  0.008646  0.009588
  0.010596  0.011669  0.012804  0.013997  0.015241  0.016517  0.017804  0.019096
  0.020387  0.021674  0.022953  0.024223  0.025493  0.026768  0.028048  0.029332
  0.030618  0.031902  0.033182  0.034445  0.035687  0.036902  0.038088  0.039243
  0.040365  0.041455  0.042514  0.043545  0.044548  0.045521  0.046465  0.047380
  0.048266  0.049122  0.049949  0.050745  0.051511  0.052247  0.052952  0.053626
  0.054306  0.055026  0.055788  0.056594  0.057447  0.058350  0.059305  0.060317
  0.061388  0.062521  0.063720  0.064990  0.066330  0.067744  0.069237
  1.000000  0.000000
  0.067890  0.062654  0.057999  0.053859  0.050174  0.046893  0.043970  0.041365
  0.039043  0.036974  0.035129  0.033484  0.032017  0.030709  0.029542  0.028502
  0.027574  0.026747  0.026009  0.025352  0.024765  0.024242  0.023775  0.023359
  0.022988  0.022657  0.022936  0.022812  0.022631  0.022409  0.022142  0.021832
  0.021486  0.021120  0.020736  0.020334  0.019914  0.019475  0.019017  0.018541
  0.018045  0.017532  0.017001  0.016451  0.015883  0.015297  0.014691  0.014066
  0.013423  0.012760  0.012078  0.011376  0.010654  0.009912  0.009141  0.008335
  0.007498  0.006636  0.005756  0.004866  0.003978  0.003107  0.002271  0.001472
  0.000715  0.000000 -0.000668 -0.001295 -0.001884 -0.002436 -0.002951 -0.003428
 -0.003866 -0.004263 -0.004621 -0.004938 -0.005214 -0.005449 -0.005647 -0.005809
 -0.005938 -0.006035 -0.006105 -0.006150 -0.006172 -0.006173 -0.006154 -0.006118
 -0.006067 -0.006002 -0.005924 -0.005837 -0.005740 -0.005637 -0.005529 -0.005788
 -0.005598 -0.005396 -0.005183 -0.004958 -0.004719 -0.004466 -0.004198 -0.003914
 -0.003614 -0.003296 -0.002960 -0.002604 -0.002228 -0.001830 -0.001410
  1.000000
  0.000000  0.000000  0.000000  0.000000  0.000000  0.000000  0.000000  0.000000
  0.000000  0.000000  0.000000  0.000000  0.000000  0.000000  0.000000  0.000000
  0.000000  0.000000  0.000000  0.000000  0.000000  0.000000  0.000000  0.000000
  0.000000  0.000000  0.001165  0.001526  0.001779  0.001987  0.002162  0.002307
  0.002432  0.002552  0.002672  0.002791  0.002910  0.003028  0.003147  0.003265
  0.003382  0.003498  0.003613  0.003727  0.003840  0.003951  0.004061  0.004169
  0.004274  0.004377  0.004477  0.004573  0.004667  0.004756  0.004840  0.004919
  0.004991  0.005055  0.005108  0.005149  0.005177  0.005190  0.005187  0.005170
  0.005138  0.005096  0.005039  0.004969  0.004887  0.004792  0.004686  0.004569
  0.004441  0.004308  0.004159  0.004004  0.003842  0.003676  0.003506  0.003333
  0.003159  0.002988  0.002813  0.002637  0.002462  0.002287  0.002114  0.001943
  0.001774  0.001608  0.001445  0.001286  0.001130  0.000979  0.000830  0.000000
  0.000000  0.000000  0.000000  0.000000  0.000000  0.000000  0.000000  0.000000
  0.000000  0.000000  0.000000  0.000000  0.000000  0.000000  0.000000
  1.000000  0.000000
  0.159772  0.159865  0.159992  0.160143  0.160307  0.160478  0.160652  0.160823
  0.160989  0.161148  0.161299  0.161441  0.161573  0.161695  0.161807  0.161911
  0.162005  0.162091  0.162169  0.162240  0.162305  0.162363  0.162415  0.162462
  0.162505  0.162543  0.162607  0.162674  0.162745  0.162821  0.162901  0.162985
  0.163076  0.163172  0.163274  0.163383  0.163499  0.163623  0.163754  0.163895
  0.164044  0.164203  0.164372  0.164551  0.164741  0.164944  0.165160  0.165389
  0.165634  0.165893  0.166170  0.166466  0.166781  0.167118  0.167481  0.167875
  0.168303  0.168764  0.169257  0.169781  0.170332  0.170901  0.171479  0.172061
  0.172644  0.173226  0.173803  0.174374  0.174942  0.175509  0.176073  0.176633
  0.177186  0.177731  0.178265  0.178783  0.179280  0.179756  0.180210  0.180640
  0.181046  0.181428  0.181789  0.182128  0.182446  0.182744  0.183022  0.183280
  0.183520  0.183741  0.183946  0.184133  0.184305  0.184461  0.184603  0.184731
  0.184845  0.184959  0.185073  0.185185  0.185295  0.185401  0.185501  0.185588
  0.185663  0.185728  0.185782  0.185825  0.185885  0.185991  0.186114
 ***************************************************************
  ROW NUMBER           1  SECTION NUMBER            2
           0           0           0  IF_DESIGN etc 
   1.00000   0.00000    0
 -0.027593 -0.024635 -0.021998 -0.019646 -0.017549 -0.015680 -0.014013 -0.012527
 -0.011202 -0.010020 -0.008967 -0.008028 -0.007191 -0.006444 -0.005778 -0.005185
 -0.004656 -0.004184 -0.003763 -0.003388 -0.003054 -0.002756 -0.002490 -0.002253
 -0.002041 -0.001853 -0.001664 -0.001467 -0.001261 -0.001044 -0.000817 -0.000578
 -0.000326 -0.000061  0.000219  0.000513  0.000823  0.001149  0.001493  0.001855
  0.002235  0.002635  0.003054  0.003494  0.003955  0.004440  0.004950  0.005485
  0.006047  0.006638  0.007260  0.007915  0.008606  0.009335  0.010111  0.010947
  0.011841  0.012795  0.013805  0.014867  0.015977  0.017116  0.018266  0.019420
  0.020574  0.021724  0.022867  0.024001  0.025135  0.026272  0.027413  0.028556
  0.029698  0.030837  0.031970  0.033087  0.034182  0.035251  0.036292  0.037303
  0.038284  0.039232  0.040153  0.041046  0.041911  0.042750  0.043561  0.044345
  0.045101  0.045830  0.046532  0.047207  0.047854  0.048474  0.049067  0.049632
  0.050197  0.050795  0.051427  0.052095  0.052801  0.053547  0.054336  0.055170
  0.056051  0.056983  0.057968  0.059010  0.060111  0.061275  0.062505
  1.000000  0.000000
  0.094423  0.087965  0.082207  0.077073  0.072496  0.068415  0.064777  0.061533
  0.058641  0.056063  0.053765  0.051715  0.049888  0.048259  0.046807  0.045512
  0.044358  0.043329  0.042411  0.041593  0.040864  0.040213  0.039634  0.039117
  0.038656  0.038245  0.038648  0.038510  0.038292  0.038019  0.037696  0.037317
  0.036881  0.036404  0.035899  0.035366  0.034804  0.034212  0.033589  0.032934
  0.032246  0.031526  0.030772  0.029984  0.029159  0.028296  0.027393  0.026449
  0.025463  0.024431  0.023353  0.022223  0.021040  0.019799  0.018487  0.017086
  0.015598  0.014026  0.012376  0.010658  0.008884  0.007083  0.005285  0.003501
  0.001737  0.000000 -0.001707 -0.003383 -0.005037 -0.006679 -0.008305 -0.009915
 -0.011505 -0.013072 -0.014612 -0.016111 -0.017562 -0.018963 -0.020311 -0.021606
 -0.022847 -0.024035 -0.025175 -0.026270 -0.027320 -0.028328 -0.029293 -0.030216
 -0.031099 -0.031942 -0.032747 -0.033513 -0.034243 -0.034936 -0.035593 -0.036501
 -0.037026 -0.037581 -0.038168 -0.038788 -0.039444 -0.040137 -0.040871 -0.041646
 -0.042466 -0.043333 -0.044250 -0.045220 -0.046245 -0.047330 -0.048476
  1.000000
  0.000000  0.000000  0.000000  0.000000  0.000000  0.000000  0.000000  0.000000
  0.000000  0.000000  0.000000  0.000000  0.000000  0.000000  0.000000  0.000000
  0.000000  0.000000  0.000000  0.000000  0.000000  0.000000  0.000000  0.000000
  0.000000  0.000000  0.001528  0.001972  0.002296  0.002575  0.002821  0.003033
  0.003209  0.003369  0.003528  0.003685  0.003842  0.003998  0.004153  0.004308
  0.004462  0.004616  0.004767  0.004918  0.005067  0.005214  0.005359  0.005501
  0.005640  0.005776  0.005908  0.006035  0.006158  0.006274  0.006385  0.006489
  0.006584  0.006669  0.006740  0.006794  0.006832  0.006850  0.006847  0.006824
  0.006782  0.006723  0.006647  0.006554  0.006446  0.006322  0.006183  0.006029
  0.005860  0.005678  0.005483  0.005278  0.005065  0.004846  0.004622  0.004395
  0.004165  0.003936  0.003705  0.003474  0.003242  0.003012  0.002784  0.002558
  0.002335  0.002115  0.001900  0.001689  0.001484  0.001284  0.001041  0.000000
  0.000000  0.000000  0.000000  0.000000  0.000000  0.000000  0.000000  0.000000
  0.000000  0.000000  0.000000  0.000000  0.000000  0.000000  0.000000
  1.000000  0.000000
  0.279986  0.279950  0.279913  0.279878  0.279845  0.279814  0.279786  0.279761
  0.279738  0.279717  0.279699  0.279683  0.279669  0.279656  0.279644  0.279634
  0.279625  0.279618  0.279611  0.279604  0.279599  0.279594  0.279590  0.279586
  0.279582  0.279579  0.279576  0.279573  0.279570  0.279567  0.279568  0.279569
  0.279569  0.279571  0.279572  0.279573  0.279575  0.279576  0.279578  0.279580
  0.279583  0.279585  0.279588  0.279592  0.279595  0.279599  0.279604  0.279609
  0.279614  0.279620  0.279627  0.279634  0.279642  0.279651  0.279661  0.279672
  0.279684  0.279697  0.279711  0.279727  0.279744  0.279761  0.279779  0.279798
  0.279816  0.279835  0.279853  0.279871  0.279889  0.279906  0.279924  0.279941
  0.279957  0.279973  0.279988  0.280002  0.280015  0.280027  0.280038  0.280048
  0.280057  0.280064  0.280071  0.280076  0.280081  0.280084  0.280087  0.280089
  0.280090  0.280091  0.280091  0.280090  0.280088  0.280087  0.280084  0.280082
  0.280078  0.280071  0.280061  0.280052  0.280043  0.280034  0.280026  0.280019
  0.280013  0.280010  0.280010  0.280011  0.280015  0.280022  0.280031
 ***************************************************************
  ROW NUMBER           1  SECTION NUMBER            3
           0           0           0  IF_DESIGN etc 
   1.00000   0.00000    0
 -0.022842 -0.020015 -0.017498 -0.015257 -0.013263 -0.011489 -0.009910 -0.008505
 -0.007254 -0.006140 -0.005149 -0.004267 -0.003481 -0.002781 -0.002158 -0.001603
 -0.001108 -0.000668 -0.000276  0.000074  0.000386  0.000663  0.000911  0.001131
  0.001327  0.001503  0.001667  0.001840  0.002020  0.002209  0.002407  0.002616
  0.002835  0.003066  0.003308  0.003564  0.003832  0.004115  0.004412  0.004724
  0.005053  0.005397  0.005757  0.006135  0.006531  0.006946  0.007382  0.007839
  0.008319  0.008822  0.009351  0.009907  0.010492  0.011110  0.011766  0.012471
  0.013225  0.014028  0.014877  0.015769  0.016701  0.017656  0.018620  0.019588
  0.020556  0.021520  0.022480  0.023433  0.024387  0.025346  0.026309  0.027276
  0.028245  0.029214  0.030181  0.031136  0.032076  0.032997  0.033897  0.034774
  0.035628  0.036458  0.037265  0.038052  0.038818  0.039563  0.040287  0.040988
  0.041668  0.042326  0.042962  0.043575  0.044166  0.044734  0.045278  0.045800
  0.046329  0.046889  0.047482  0.048109  0.048774  0.049477  0.050222  0.051010
  0.051845  0.052730  0.053666  0.054657  0.055707  0.056819  0.057994
  1.000000  0.000000
  0.128333  0.119874  0.112326  0.105593  0.099586  0.094229  0.089451  0.085190
  0.081391  0.078003  0.074982  0.072289  0.069888  0.067747  0.065838  0.064136
  0.062619  0.061266  0.060060  0.058984  0.058026  0.057171  0.056409  0.055729
  0.055124  0.054584  0.055152  0.054987  0.054708  0.054357  0.053939  0.053449
  0.052882  0.052248  0.051570  0.050853  0.050094  0.049293  0.048447  0.047556
  0.046617  0.045631  0.044596  0.043510  0.042370  0.041174  0.039918  0.038600
  0.037218  0.035769  0.034247  0.032647  0.030965  0.029193  0.027312  0.025297
  0.023145  0.020862  0.018454  0.015934  0.013317  0.010646  0.007966  0.005291
  0.002632  0.000000 -0.002601 -0.005166 -0.007714 -0.010255 -0.012788 -0.015308
 -0.017811 -0.020293 -0.022746 -0.025150 -0.027491 -0.029764 -0.031966 -0.034093
 -0.036144 -0.038120 -0.040027 -0.041869 -0.043648 -0.045363 -0.047015 -0.048606
 -0.050136 -0.051606 -0.053016 -0.054367 -0.055659 -0.056893 -0.058070 -0.059522
 -0.060512 -0.061560 -0.062668 -0.063840 -0.065080 -0.066392 -0.067780 -0.069249
 -0.070805 -0.072452 -0.074197 -0.076043 -0.077999 -0.080069 -0.082259
  1.000000
  0.000000  0.000000  0.000000  0.000000  0.000000  0.000000  0.000000  0.000000
  0.000000  0.000000  0.000000  0.000000  0.000000  0.000000  0.000000  0.000000
  0.000000  0.000000  0.000000  0.000000  0.000000  0.000000  0.000000  0.000000
  0.000000  0.000000  0.002061  0.002656  0.003097  0.003485  0.003832  0.004136
  0.004392  0.004616  0.004833  0.005048  0.005263  0.005476  0.005689  0.005902
  0.006113  0.006323  0.006532  0.006738  0.006942  0.007143  0.007342  0.007537
  0.007728  0.007914  0.008095  0.008270  0.008437  0.008597  0.008749  0.008891
  0.009022  0.009138  0.009235  0.009310  0.009360  0.009384  0.009379  0.009348
  0.009291  0.009210  0.009105  0.008979  0.008831  0.008661  0.008470  0.008259
  0.008028  0.007780  0.007514  0.007233  0.006941  0.006640  0.006333  0.006021
  0.005706  0.005390  0.005073  0.004755  0.004438  0.004123  0.003810  0.003500
  0.003195  0.002894  0.002599  0.002310  0.002029  0.001754  0.001391  0.000000
  0.000000  0.000000  0.000000  0.000000  0.000000  0.000000  0.000000  0.000000
  0.000000  0.000000  0.000000  0.000000  0.000000  0.000000  0.000000
  1.000000  0.000000
  0.399794  0.399637  0.399466  0.399285  0.399100  0.398915  0.398735  0.398560
  0.398392  0.398234  0.398086  0.397948  0.397819  0.397701  0.397593  0.397493
  0.397403  0.397320  0.397246  0.397178  0.397117  0.397061  0.397012  0.396967
  0.396927  0.396890  0.396856  0.396820  0.396782  0.396742  0.396699  0.396654
  0.396606  0.396522  0.396418  0.396307  0.396189  0.396064  0.395932  0.395791
  0.395641  0.395483  0.395316  0.395138  0.394950  0.394751  0.394540  0.394316
  0.394079  0.393827  0.393560  0.393276  0.392974  0.392652  0.392306  0.391932
  0.391527  0.391092  0.390628  0.390136  0.389620  0.389087  0.388548  0.388004
  0.387461  0.386919  0.386382  0.385849  0.385319  0.384789  0.384262  0.383737
  0.383217  0.382704  0.382200  0.381710  0.381236  0.380781  0.380346  0.379931
  0.379537  0.379164  0.378810  0.378476  0.378159  0.377861  0.377580  0.377317
  0.377071  0.376841  0.376627  0.376429  0.376245  0.376075  0.375919  0.375776
  0.375638  0.375498  0.375364  0.375238  0.375111  0.374986  0.374863  0.374744
  0.374630  0.374524  0.374434  0.374358  0.374297  0.374252  0.374225
 ***************************************************************
 ************STARTING THE INPUT FOR EACH BLADE ROW**************
  BLADE ROW NUMBER =        2                                           
    NUMBER OF BLADES IN ROW 
        82
        JM        JLE       JTE 
       111        21        91
      KTIPSTART  KTIPEND 
         0         0
       BOUNDARY LAYER TRANSITION POINTS 
         0         0         0         0
  SET NEWGRID= 1 TO GENERATE A NEW GRID WITH DIFFERENT "J" POINTS AND SPACINGS.
         0
   RPMROW,    RPMHUB 
       0.0       0.0
       JROTHS    JROTHE    JROTTS    JROTTE 
         1         1         1         1
   PUPROW    PLEROW   PTEROW    PDROW 
   47556.4   47556.4   51357.9   51357.9
      NSECS_ROW   INSURF  
         3         0
  IF_CUSP_OUT   IFANGLES 
         1         0
         0         3         0
 ***************************************************************
  ROW NUMBER           2  SECTION NUMBER            1
           0           0           0  IF_DESIGN etc 
   1.00000   0.00000    0
  0.057333  0.058312  0.059191  0.059980  0.060688  0.061323  0.061893  0.062404
  0.062862  0.063274  0.063643  0.063973  0.064270  0.064536  0.064775  0.064989
  0.065180  0.065352  0.065507  0.065645  0.065769  0.065893  0.066022  0.066157
  0.066299  0.066448  0.066605  0.066770  0.066943  0.067126  0.067319  0.067522
  0.067736  0.067961  0.068198  0.068447  0.068709  0.068983  0.069271  0.069573
  0.069891  0.070224  0.070575  0.070942  0.071329  0.071736  0.072164  0.072616
  0.073093  0.073600  0.074146  0.074731  0.075354  0.076014  0.076709  0.077434
  0.078178  0.078929  0.079683  0.080436  0.081187  0.081934  0.082674  0.083414
  0.084157  0.084902  0.085648  0.086393  0.087137  0.087877  0.088607  0.089321
  0.090019  0.090699  0.091359  0.092000  0.092619  0.093220  0.093804  0.094369
  0.094917  0.095447  0.095959  0.096454  0.096930  0.097389  0.097830  0.098253
  0.098659  0.099046  0.099416  0.099787  0.100187  0.100620  0.101086  0.101590
  0.102134  0.102722  0.103356  0.104041  0.104780  0.105578  0.106440  0.107370
  0.108374  0.109459  0.110629  0.111894  0.113258  0.114732  0.116323
  1.000000  0.000000
 -0.028602 -0.027209 -0.025958 -0.024835 -0.023826 -0.022920 -0.022107 -0.021378
 -0.020725 -0.020138 -0.019612 -0.019140 -0.018717 -0.018337 -0.017997 -0.017692
 -0.017418 -0.017173 -0.016953 -0.016756 -0.016579 -0.016121 -0.015855 -0.015618
 -0.015382 -0.015138 -0.014886 -0.014624 -0.014352 -0.014070 -0.013777 -0.013473
 -0.013159 -0.012832 -0.012495 -0.012146 -0.011787 -0.011417 -0.011036 -0.010644
 -0.010241 -0.009827 -0.009402 -0.008966 -0.008519 -0.008062 -0.007593 -0.007113
 -0.006621 -0.006115 -0.005589 -0.005046 -0.004491 -0.003929 -0.003366 -0.002809
 -0.002269 -0.001755 -0.001270 -0.000815 -0.000391  0.000000  0.000360  0.000692
  0.000997  0.001276  0.001528  0.001755  0.001952  0.002122  0.002264  0.002380
  0.002470  0.002537  0.002582  0.002606  0.002611  0.002600  0.002574  0.002535
  0.002483  0.002421  0.002349  0.002269  0.002181  0.002088  0.001989  0.001886
  0.001781  0.001673  0.001380  0.001332  0.001280  0.001225  0.001165  0.001100
  0.001030  0.000954  0.000873  0.000784  0.000689  0.000586  0.000475  0.000355
  0.000226  0.000086 -0.000065 -0.000227 -0.000403 -0.000593 -0.000798
  1.000000
  0.000000  0.000000  0.000000  0.000000  0.000000  0.000000  0.000000  0.000000
  0.000000  0.000000  0.000000  0.000000  0.000000  0.000000  0.000000  0.000000
  0.000000  0.000000  0.000000  0.000000  0.000000  0.000590  0.000797  0.000941
  0.001061  0.001166  0.001257  0.001338  0.001418  0.001499  0.001582  0.001665
  0.001751  0.001837  0.001925  0.002015  0.002105  0.002196  0.002288  0.002380
  0.002474  0.002567  0.002661  0.002755  0.002848  0.002941  0.003033  0.003124
  0.003214  0.003301  0.003387  0.003471  0.003549  0.003622  0.003686  0.003741
  0.003784  0.003814  0.003832  0.003838  0.003832  0.003813  0.003784  0.003742
  0.003689  0.003626  0.003551  0.003467  0.003372  0.003266  0.003152  0.003031
  0.002904  0.002773  0.002638  0.002499  0.002357  0.002213  0.002068  0.001922
  0.001775  0.001628  0.001483  0.001337  0.001193  0.001051  0.000912  0.000775
  0.000641  0.000510  0.000000  0.000000  0.000000  0.000000  0.000000  0.000000
  0.000000  0.000000  0.000000  0.000000  0.000000  0.000000  0.000000  0.000000
  0.000000  0.000000  0.000000  0.000000  0.000000  0.000000  0.000000
  1.000000  0.000000
  0.185281  0.185397  0.185490  0.185561  0.185616  0.185659  0.185694  0.185722
  0.185745  0.185764  0.185779  0.185792  0.185803  0.185811  0.185819  0.185825
  0.185830  0.185835  0.185839  0.185842  0.185845  0.185854  0.185863  0.185872
  0.185882  0.185893  0.185905  0.185917  0.185930  0.185944  0.185958  0.185974
  0.185991  0.186009  0.186028  0.186048  0.186070  0.186093  0.186117  0.186143
  0.186171  0.186201  0.186232  0.186266  0.186302  0.186340  0.186381  0.186425
  0.186473  0.186524  0.186579  0.186640  0.186706  0.186777  0.186852  0.186932
  0.187015  0.187100  0.187187  0.187274  0.187361  0.187449  0.187536  0.187623
  0.187712  0.187800  0.187889  0.187977  0.188065  0.188153  0.188238  0.188322
  0.188403  0.188481  0.188556  0.188629  0.188698  0.188765  0.188828  0.188889
  0.188948  0.189003  0.189056  0.189107  0.189155  0.189201  0.189244  0.189284
  0.189323  0.189359  0.189393  0.189412  0.189432  0.189453  0.189476  0.189499
  0.189524  0.189550  0.189578  0.189606  0.189635  0.189666  0.189697  0.189729
  0.189762  0.189795  0.189828  0.189861  0.189894  0.189925  0.189956
 ***************************************************************
  ROW NUMBER           2  SECTION NUMBER            2
           0           0           0  IF_DESIGN etc 
   1.00000   0.00000    0
  0.052734  0.053902  0.054949  0.055887  0.056729  0.057483  0.058160  0.058766
  0.059310  0.059797  0.060234  0.060626  0.060977  0.061292  0.061575  0.061828
  0.062055  0.062258  0.062441  0.062604  0.062751  0.062898  0.063051  0.063212
  0.063380  0.063557  0.063744  0.063940  0.064146  0.064363  0.064592  0.064834
  0.065088  0.065355  0.065637  0.065933  0.066244  0.066570  0.066912  0.067271
  0.067649  0.068045  0.068462  0.068899  0.069359  0.069843  0.070353  0.070890
  0.071458  0.072062  0.072712  0.073408  0.074150  0.074936  0.075763  0.076627
  0.077513  0.078408  0.079306  0.080205  0.081099  0.081989  0.082872  0.083754
  0.084639  0.085527  0.086416  0.087305  0.088191  0.089073  0.089943  0.090794
  0.091626  0.092436  0.093223  0.093986  0.094725  0.095441  0.096136  0.096810
  0.097462  0.098093  0.098703  0.099292  0.099859  0.100406  0.100931  0.101434
  0.101917  0.102378  0.102818  0.103258  0.103733  0.104246  0.104799  0.105397
  0.106042  0.106738  0.107490  0.108302  0.109178  0.110124  0.111145  0.112247
  0.113437  0.114722  0.116109  0.117606  0.119223  0.120968  0.122852
  1.000000  0.000000
 -0.023119 -0.022011 -0.021018 -0.020128 -0.019330 -0.018615 -0.017974 -0.017399
 -0.016884 -0.016422 -0.016008 -0.015636 -0.015304 -0.015005 -0.014738 -0.014498
 -0.014283 -0.014090 -0.013917 -0.013762 -0.013623 -0.013174 -0.012938 -0.012735
 -0.012536 -0.012332 -0.012120 -0.011901 -0.011674 -0.011439 -0.011195 -0.010942
 -0.010680 -0.010410 -0.010129 -0.009840 -0.009543 -0.009236 -0.008922 -0.008598
 -0.008266 -0.007925 -0.007575 -0.007216 -0.006850 -0.006473 -0.006089 -0.005697
 -0.005296 -0.004883 -0.004455 -0.004015 -0.003566 -0.003113 -0.002660 -0.002214
 -0.001783 -0.001374 -0.000991 -0.000635 -0.000305  0.000000  0.000277  0.000529
  0.000759  0.000966  0.001150  0.001311  0.001448  0.001563  0.001656  0.001725
  0.001773  0.001801  0.001812  0.001806  0.001786  0.001752  0.001706  0.001650
  0.001584  0.001510  0.001428  0.001340  0.001246  0.001148  0.001047  0.000943
  0.000837  0.000731  0.000421  0.000382  0.000341  0.000296  0.000247  0.000195
  0.000139  0.000078  0.000012 -0.000059 -0.000136 -0.000218 -0.000308 -0.000404
 -0.000508 -0.000621 -0.000742 -0.000873 -0.001014 -0.001167 -0.001332
  1.000000
  0.000000  0.000000  0.000000  0.000000  0.000000  0.000000  0.000000  0.000000
  0.000000  0.000000  0.000000  0.000000  0.000000  0.000000  0.000000  0.000000
  0.000000  0.000000  0.000000  0.000000  0.000000  0.000654  0.000883  0.001044
  0.001177  0.001293  0.001393  0.001482  0.001571  0.001661  0.001752  0.001845
  0.001939  0.002035  0.002133  0.002231  0.002331  0.002432  0.002534  0.002636
  0.002740  0.002843  0.002947  0.003051  0.003154  0.003259  0.003360  0.003461
  0.003560  0.003657  0.003752  0.003844  0.003932  0.004012  0.004083  0.004144
  0.004192  0.004225  0.004245  0.004251  0.004243  0.004224  0.004190  0.004145
  0.004087  0.004017  0.003934  0.003839  0.003734  0.003617  0.003493  0.003359
  0.003218  0.003072  0.002921  0.002767  0.002610  0.002451  0.002291  0.002129
  0.001966  0.001803  0.001642  0.001481  0.001322  0.001164  0.001010  0.000858
  0.000710  0.000565  0.000000  0.000000  0.000000  0.000000  0.000000  0.000000
  0.000000  0.000000  0.000000  0.000000  0.000000  0.000000  0.000000  0.000000
  0.000000  0.000000  0.000000  0.000000  0.000000  0.000000  0.000000
  1.000000  0.000000
  0.280044  0.280030  0.280021  0.280014  0.280011  0.280010  0.280010  0.280011
  0.280012  0.280014  0.280016  0.280018  0.280020  0.280022  0.280024  0.280026
  0.280028  0.280029  0.280031  0.280031  0.280031  0.280031  0.280032  0.280032
  0.280032  0.280032  0.280032  0.280032  0.280032  0.280032  0.280033  0.280033
  0.280033  0.280033  0.280033  0.280032  0.280032  0.280032  0.280032  0.280032
  0.280031  0.280031  0.280030  0.280029  0.280029  0.280028  0.280027  0.280025
  0.280024  0.280022  0.280021  0.280018  0.280016  0.280013  0.280010  0.280007
  0.280004  0.280000  0.279996  0.279992  0.279988  0.279984  0.279980  0.279976
  0.279972  0.279968  0.279963  0.279959  0.279955  0.279951  0.279947  0.279943
  0.279940  0.279936  0.279933  0.279930  0.279927  0.279925  0.279922  0.279920
  0.279918  0.279916  0.279915  0.279913  0.279912  0.279911  0.279910  0.279909
  0.279908  0.279907  0.279908  0.279910  0.279912  0.279914  0.279916  0.279919
  0.279922  0.279924  0.279928  0.279931  0.279935  0.279940  0.279944  0.279949
  0.279954  0.279960  0.279966  0.279972  0.279979  0.279986  0.279992
 ***************************************************************
  ROW NUMBER           2  SECTION NUMBER            3
           0           0           0  IF_DESIGN etc 
   1.00000   0.00000    0
  0.048142  0.049479  0.050681  0.051761  0.052732  0.053604  0.054387  0.055090
  0.055721  0.056287  0.056796  0.057252  0.057661  0.058028  0.058357  0.058652
  0.058917  0.059155  0.059368  0.059559  0.059730  0.059901  0.060079  0.060266
  0.060461  0.060667  0.060884  0.061111  0.061351  0.061604  0.061870  0.062150
  0.062445  0.062756  0.063083  0.063427  0.063788  0.064166  0.064564  0.064981
  0.065419  0.065880  0.066364  0.066871  0.067405  0.067967  0.068558  0.069182
  0.069841  0.070542  0.071296  0.072104  0.072965  0.073877  0.074836  0.075837
  0.076865  0.077903  0.078945  0.079986  0.081024  0.082055  0.083078  0.084101
  0.085128  0.086157  0.087188  0.088219  0.089247  0.090269  0.091277  0.092265
  0.093230  0.094170  0.095082  0.095967  0.096824  0.097655  0.098461  0.099243
  0.100000  0.100733  0.101441  0.102124  0.102783  0.103417  0.104026  0.104611
  0.105172  0.105707  0.106218  0.106730  0.107282  0.107879  0.108523  0.109218
  0.109969  0.110779  0.111654  0.112598  0.113618  0.114719  0.115907  0.117190
  0.118575  0.120070  0.121685  0.123428  0.125310  0.127341  0.129534
  1.000000  0.000000
 -0.020730 -0.019753 -0.018878 -0.018096 -0.017395 -0.016768 -0.016207 -0.015704
 -0.015254 -0.014851 -0.014489 -0.014165 -0.013875 -0.013615 -0.013381 -0.013172
 -0.012985 -0.012817 -0.012666 -0.012531 -0.012410 -0.011936 -0.011702 -0.011508
 -0.011323 -0.011133 -0.010937 -0.010734 -0.010524 -0.010307 -0.010082 -0.009849
 -0.009608 -0.009359 -0.009102 -0.008837 -0.008564 -0.008284 -0.007996 -0.007700
 -0.007396 -0.007085 -0.006766 -0.006440 -0.006106 -0.005766 -0.005417 -0.005062
 -0.004699 -0.004326 -0.003941 -0.003545 -0.003143 -0.002737 -0.002333 -0.001936
 -0.001553 -0.001193 -0.000857 -0.000546 -0.000261  0.000000  0.000236  0.000449
  0.000641  0.000812  0.000960  0.001088  0.001193  0.001276  0.001338  0.001380
  0.001402  0.001407  0.001395  0.001369  0.001330  0.001279  0.001217  0.001146
  0.001066  0.000979  0.000886  0.000788  0.000685  0.000578  0.000469  0.000358
  0.000246  0.000133 -0.000209 -0.000243 -0.000279 -0.000319 -0.000361 -0.000407
 -0.000457 -0.000511 -0.000569 -0.000631 -0.000699 -0.000772 -0.000850 -0.000935
 -0.001027 -0.001126 -0.001233 -0.001348 -0.001472 -0.001607 -0.001752
  1.000000
  0.000000  0.000000  0.000000  0.000000  0.000000  0.000000  0.000000  0.000000
  0.000000  0.000000  0.000000  0.000000  0.000000  0.000000  0.000000  0.000000
  0.000000  0.000000  0.000000  0.000000  0.000000  0.000743  0.001007  0.001192
  0.001342  0.001471  0.001582  0.001683  0.001784  0.001886  0.001989  0.002095
  0.002202  0.002311  0.002422  0.002534  0.002647  0.002762  0.002877  0.002994
  0.003111  0.003229  0.003346  0.003464  0.003582  0.003698  0.003814  0.003928
  0.004041  0.004151  0.004259  0.004364  0.004463  0.004554  0.004635  0.004703
  0.004759  0.004798  0.004820  0.004827  0.004818  0.004795  0.004757  0.004705
  0.004639  0.004559  0.004465  0.004360  0.004240  0.004107  0.003964  0.003812
  0.003653  0.003487  0.003316  0.003141  0.002963  0.002783  0.002600  0.002416
  0.002232  0.002047  0.001864  0.001681  0.001500  0.001322  0.001146  0.000974
  0.000806  0.000642  0.000000  0.000000  0.000000  0.000000  0.000000  0.000000
  0.000000  0.000000  0.000000  0.000000  0.000000  0.000000  0.000000  0.000000
  0.000000  0.000000  0.000000  0.000000  0.000000  0.000000  0.000000
  1.000000  0.000000
  0.375232  0.374986  0.374792  0.374641  0.374524  0.374439  0.374377  0.374331
  0.374296  0.374271  0.374253  0.374239  0.374230  0.374224  0.374220  0.374218
  0.374217  0.374217  0.374207  0.374196  0.374186  0.374176  0.374166  0.374155
  0.374143  0.374131  0.374118  0.374104  0.374089  0.374073  0.374056  0.374038
  0.374019  0.373998  0.373976  0.373953  0.373928  0.373902  0.373874  0.373844
  0.373812  0.373779  0.373743  0.373704  0.373663  0.373619  0.373572  0.373522
  0.373469  0.373411  0.373348  0.373279  0.373205  0.373125  0.373040  0.372950
  0.372857  0.372762  0.372666  0.372570  0.372473  0.372377  0.372281  0.372185
  0.372090  0.371994  0.371898  0.371803  0.371709  0.371616  0.371526  0.371439
  0.371354  0.371273  0.371196  0.371122  0.371052  0.370985  0.370922  0.370861
  0.370804  0.370750  0.370699  0.370651  0.370605  0.370563  0.370523  0.370485
  0.370451  0.370419  0.370399  0.370380  0.370360  0.370339  0.370317  0.370294
  0.370269  0.370244  0.370218  0.370190  0.370163  0.370134  0.370105  0.370076
  0.370048  0.370019  0.369992  0.369967  0.369943  0.369922  0.369905
  STARTING INLET BOUNDARY CONDITION DATA .
  NUMBER OF POINTS FOR INLET BOUNDARY CONDITIONS 
        37
  SPACING OF INLET BOUNDARY CONDITION POINTS 
  1.000000  1.250000  1.562500  1.953125  2.441406  3.051758  3.814697  4.768372
  5.960464  7.450581  9.313226 11.641532 14.551915 18.189894 20.000000 20.000000
 20.000000 20.000000 20.000000 20.000000 20.000000 20.000000 18.189894 14.551915
 11.641532  9.313226  7.450581  5.960464  4.768372  3.814697  3.051758  2.441406
  1.953125  1.562500  1.250000  1.000000
   INLET STAGNATION PRESSURES 
   38644.0   38644.0   38644.0   38644.0   38644.0   38644.0   38644.0   38644.0
   38644.0   38644.0   38644.0   38644.0   38644.0   38644.0   38644.0   38644.0
   38644.0   38644.0   38644.0   38644.0   38644.0   38644.0   38644.0   38644.0
   38644.0   38644.0   38644.0   38644.0   38644.0   38644.0   38644.0   38644.0
   38644.0   38644.0   38644.0   38644.0   38644.0
   INLET STAGNATION TEMPERATURES 
  306.0000  306.0000  306.0000  306.0000  306.0000  306.0000  306.0000  306.0000
  306.0000  306.0000  306.0000  306.0000  306.0000  306.0000  306.0000  306.0000
  306.0000  306.0000  306.0000  306.0000  306.0000  306.0000  306.0000  306.0000
  306.0000  306.0000  306.0000  306.0000  306.0000  306.0000  306.0000  306.0000
  306.0000  306.0000  306.0000  306.0000  306.0000
   INLET ABSOLUTE TANGENTIAL VELOCITY 
    0.0000    0.0000    0.0000    0.0000    0.0000    0.0000    0.0000    0.0000
    0.0000    0.0000    0.0000    0.0000    0.0000    0.0000    0.0000    0.0000
    0.0000    0.0000    0.0000    0.0000    0.0000    0.0000    0.0000    0.0000
    0.0000    0.0000    0.0000    0.0000    0.0000    0.0000    0.0000    0.0000
    0.0000    0.0000    0.0000    0.0000    0.0000
   INLET MERIDIONAL VELOCITY 
  154.5536  154.5536  154.5536  154.5536  154.5536  154.5536  154.5536  154.5536
  154.5536  154.5536  154.5536  154.5536  154.5536  154.5536  154.5536  154.5536
  154.5536  154.5536  154.5536  154.5536  154.5536  154.5536  154.5536  154.5536
  154.5536  154.5536  154.5536  154.5536  154.5536  154.5536  154.5536  154.5536
  154.5536  154.5536  154.5536  154.5536  154.5536
   INLET MERIDIONAL YAW ANGLE  
    0.0011    0.0011    0.0011    0.0011    0.0011    0.0011    0.0011    0.0011
    0.0011    0.0011    0.0011    0.0011    0.0011    0.0011    0.0011    0.0011
    0.0011    0.0011    0.0011    0.0011    0.0011    0.0011    0.0011    0.0011
    0.0011    0.0011    0.0011    0.0011    0.0011    0.0011    0.0011    0.0011
    0.0011    0.0011    0.0011    0.0011    0.0011
   INLET PITCH ANGLE 
    0.6812    0.6768    0.6714    0.6647    0.6562    0.6456    0.6324    0.6159
    0.5953    0.5695    0.5372    0.4969    0.4465    0.3835    0.3048    0.2182
    0.1316    0.0450   -0.0416   -0.1282   -0.2147   -0.3013   -0.3879   -0.4667
   -0.5296   -0.5800   -0.6204   -0.6526   -0.6784   -0.6991   -0.7156   -0.7288
   -0.7394   -0.7478   -0.7546   -0.7600   -0.7643
   PDOWN_HUB   PDOWN_TIP 
   51357.9   51357.9
 MIXING LENGTH LIMITS ON ALL BLADE ROWS
  0.050000  0.050000  0.050000  0.050000  0.050000  0.030000
  0.050000  0.050000  0.050000  0.050000  0.050000  0.030000
  FACTOR TO INCREASE THE TURBULENT VISCOSITY OVER THE FIRST NMIXUP STEPS 
   2.00000 1000
